8 0.365833 0.318125 0.028333 0.056250
6 0.358750 0.467500 0.040833 0.070000
7 0.357917 0.526875 0.039167 0.058750
10 0.358333 0.649375 0.033333 0.053750
8 0.355833 0.719375 0.035000 0.038750
11 0.404167 0.320625 0.018333 0.041250
11 0.404583 0.370000 0.019167 0.040000
11 0.404167 0.421875 0.020000 0.038750
9 0.402500 0.470625 0.026667 0.051250
11 0.402917 0.591250 0.020833 0.032500
11 0.402500 0.653125 0.021667 0.031250
11 0.402083 0.716250 0.022500 0.032500
9 0.475833 0.306875 0.021667 0.063750
5 0.480417 0.469375 0.019167 0.036250
11 0.481667 0.525000 0.020000 0.035000
10 0.517500 0.458125 0.023333 0.058750
5 0.546250 0.311250 0.017500 0.042500
4 0.552500 0.404375 0.023333 0.056250
3 0.559583 0.515625 0.024167 0.048750
5 0.585000 0.356250 0.018333 0.040000
5 0.589583 0.406875 0.019167 0.038750
5 0.603333 0.575000 0.021667 0.032500
5 0.607917 0.636875 0.022500 0.031250
5 0.613333 0.698750 0.023333 0.032500
0 0.626667 0.340625 0.036667 0.078750
2 0.634583 0.453125 0.030833 0.051250
1 0.643333 0.504375 0.040000 0.061250
3 0.645833 0.568750 0.033333 0.045000
4 0.652500 0.627500 0.035000 0.047500
2 0.658750 0.695625 0.035833 0.038750
