6 0.333750 0.548750 0.044167 0.077500
8 0.365833 0.588750 0.031667 0.055000
7 0.427083 0.653750 0.034167 0.070000
8 0.533333 0.782500 0.026667 0.050000
11 0.339583 0.488125 0.022500 0.041250
9 0.365417 0.510625 0.029167 0.061250
11 0.395833 0.549375 0.020000 0.041250
10 0.421667 0.575000 0.031667 0.060000
11 0.522500 0.689375 0.021667 0.038750
11 0.558333 0.728750 0.021667 0.037500
11 0.393750 0.478125 0.019167 0.041250
10 0.417500 0.498750 0.030000 0.062500
11 0.480833 0.570000 0.020000 0.040000
11 0.474167 0.495625 0.018333 0.041250
11 0.503750 0.526875 0.019167 0.041250
5 0.603333 0.626250 0.021667 0.040000
9 0.440417 0.395625 0.020833 0.066250
5 0.495833 0.456875 0.018333 0.041250
5 0.556250 0.515625 0.019167 0.041250
5 0.461667 0.371250 0.016667 0.042500
4 0.490000 0.389375 0.023333 0.058750
4 0.580417 0.470000 0.030833 0.057500
5 0.457083 0.316250 0.015833 0.042500
3 0.482500 0.328750 0.020000 0.067500
5 0.509167 0.362500 0.016667 0.042500
5 0.627500 0.465625 0.020000 0.041250
0 0.501667 0.290625 0.023333 0.086250
2 0.527917 0.325000 0.019167 0.057500
1 0.586667 0.362500 0.028333 0.080000
3 0.615000 0.393125 0.025000 0.066250
2 0.680833 0.450000 0.031667 0.057500
