6 0.362083 0.520000 0.032500 0.067500
8 0.408333 0.585625 0.023333 0.048750
7 0.431250 0.610625 0.027500 0.063750
8 0.511667 0.723125 0.021667 0.046250
11 0.369167 0.474375 0.016667 0.036250
11 0.390000 0.500625 0.016667 0.036250
11 0.411250 0.528125 0.015833 0.036250
9 0.434167 0.550000 0.020000 0.052500
9 0.457917 0.580625 0.020833 0.051250
11 0.482083 0.617500 0.017500 0.035000
10 0.432083 0.490000 0.024167 0.055000
11 0.480000 0.552500 0.016667 0.035000
10 0.503750 0.575625 0.022500 0.053750
11 0.557083 0.646250 0.017500 0.035000
11 0.477917 0.493125 0.015833 0.036250
5 0.577917 0.608750 0.017500 0.035000
5 0.498333 0.464375 0.015000 0.036250
11 0.571667 0.543750 0.016667 0.035000
4 0.497083 0.407500 0.019167 0.050000
5 0.540833 0.460625 0.015000 0.036250
5 0.565417 0.486875 0.015833 0.036250
5 0.473333 0.346875 0.013333 0.036250
5 0.493750 0.366875 0.014167 0.036250
5 0.514583 0.388125 0.014167 0.036250
3 0.583750 0.450000 0.019167 0.055000
5 0.607917 0.483125 0.015833 0.036250
0 0.512083 0.328125 0.019167 0.071250
2 0.554583 0.380625 0.017500 0.048750
1 0.579167 0.395000 0.023333 0.067500
3 0.601667 0.421875 0.020000 0.056250
4 0.629583 0.448750 0.027500 0.050000
2 0.654167 0.474375 0.025000 0.048750
