6 0.334167 0.566250 0.045000 0.090000
8 0.407500 0.630625 0.030000 0.063750
11 0.334167 0.511875 0.023333 0.046250
11 0.390000 0.493125 0.020000 0.046250
10 0.451250 0.530000 0.030833 0.070000
11 0.488333 0.564375 0.020000 0.046250
10 0.523750 0.582500 0.029167 0.070000
8 0.563750 0.611875 0.027500 0.063750
11 0.602917 0.645625 0.022500 0.046250
11 0.442083 0.475625 0.019167 0.046250
11 0.542500 0.543125 0.020000 0.046250
5 0.461667 0.437500 0.018333 0.045000
5 0.558750 0.500625 0.019167 0.046250
5 0.509583 0.421250 0.017500 0.045000
5 0.541667 0.441250 0.018333 0.045000
7 0.577083 0.444375 0.029167 0.086250
5 0.608750 0.481875 0.019167 0.046250
5 0.439583 0.338125 0.015833 0.043750
1 0.525417 0.370625 0.022500 0.083750
4 0.560000 0.398125 0.028333 0.063750
2 0.660833 0.458125 0.030000 0.061250
0 0.483333 0.306250 0.023333 0.090000
2 0.511250 0.334375 0.019167 0.058750
4 0.542917 0.349375 0.025833 0.063750
